#B0 =
         0        0        0        0        0
         0        0        0        0   0.6518
         0        0        0        0        0
         0        0  -0.4630        0        0
         0        0        0        0        0

#B1 =
    0.8281        0        0        0        0
    0.5410   0.6513        0        0        0
    0.7404        0   0.7443        0        0
         0        0   0.4556   0.7303   0.3000
         0        0        0  -0.4000   0.8587

#B2=
   -0.1721        0        0        0   0.1697
         0  -0.1065        0        0        0
         0   0.2376  -0.1390        0        0
         0        0        0  -0.1339        0
         0        0        0        0  -0.1850
