1.120431995561202833e-04
0.000000000000000000e+00
0.000000000000000000e+00
1.120431995561202833e-04
2.240863991122405666e-04
1.120431995561202833e-04
2.240863991122405666e-04
8.963455964489622663e-04
7.843023968928419017e-04
1.120431995561202779e-03
1.456561594229563439e-03
2.240863991122405557e-03
2.913123188459126878e-03
3.697425585351968996e-03
4.481727982244811115e-03
5.938289576474374554e-03
8.739369565377380633e-03
1.142840635472426938e-02
1.512583194007623838e-02
1.736669593119864047e-02
2.252068311078017637e-02
3.025166388015247676e-02
3.764651505085641475e-02
4.952309420380516386e-02
5.904676616607539008e-02
6.767409253189664298e-02
8.324809727019735761e-02
1.050965211836408092e-01
1.207825691214976516e-01
1.430791658331656002e-01
1.679527561346242925e-01
1.936106488329758513e-01
2.220696215202304091e-01
2.519851558017144888e-01
2.936652260365912315e-01
3.225723715220702448e-01
3.626838369631613657e-01
4.048120799962625638e-01
4.524304398076136602e-01
4.994885836211842012e-01
5.128217243683624860e-01
5.702998857406521571e-01
6.202711527426818527e-01
6.468253910374822668e-01
6.752843637247368802e-01
7.011663428222006944e-01
7.241351987312054650e-01
7.634623617754036085e-01
7.596528929904954319e-01
7.736582929350105386e-01
7.747787249305717605e-01
7.780279777176991596e-01
7.636864481745158084e-01
7.755630273274646269e-01
7.245833715294298649e-01
7.174126067578381338e-01
6.786456597114205458e-01
6.533238966117372870e-01
6.062657527981667460e-01
5.773586073126877327e-01
5.490116778249893859e-01
4.767438141112917416e-01
4.584807725836441694e-01
4.295736270981651006e-01
3.782578417014620387e-01
3.273902291029834322e-01
2.969144788237187416e-01
2.605004389679796417e-01
2.275597382984803074e-01
2.010055000036797823e-01
1.807256808840219942e-01
1.569725225781244959e-01
1.203343963232731684e-01
1.117070699574519155e-01
9.232359643424312146e-02
7.518098690215670177e-02
6.453688294432528838e-02
4.918696460513680146e-02
3.943920624375434059e-02
3.294070066949936204e-02
2.520971990012706165e-02
2.084003511743837134e-02
1.635830713519356022e-02
1.232475195117323057e-02
9.411628762714103688e-03
7.730980769372298653e-03
7.058721572035577332e-03
4.705814381357051844e-03
3.361295986683607902e-03
3.249252787127487972e-03
1.120431995561202779e-03
1.120431995561202779e-03
1.008388796005082631e-03
5.602159977806013894e-04
3.361295986683608228e-04
4.481727982244811332e-04
4.481727982244811332e-04
0.000000000000000000e+00
1.120431995561202833e-04
1.120431995561202833e-04
