1.051847450662912438e-04
2.103694901325824877e-04
2.103694901325824877e-04
1.051847450662912438e-04
0.000000000000000000e+00
0.000000000000000000e+00
2.103694901325824877e-04
1.051847450662912438e-04
8.414779605303299506e-04
7.362932154640385984e-04
1.262216940795494709e-03
8.414779605303299506e-04
1.682955921060659901e-03
2.524433881590989418e-03
2.419249136524698283e-03
4.312574547717940021e-03
6.416269449043764464e-03
6.626638939176347602e-03
8.414779605303299506e-03
1.188587619249090871e-02
1.703992870073917781e-02
2.040584054286050109e-02
2.503396932577731451e-02
3.597318281267160300e-02
4.249463700678166034e-02
5.227681829794673940e-02
6.321603178484103136e-02
8.351668758263522396e-02
9.698033495112051705e-02
1.192795009051742516e-01
1.408423736437639795e-01
1.718718734383198887e-01
1.917517902558489029e-01
2.184687155026868999e-01
2.531796813745629815e-01
3.004076319093277325e-01
3.467941044835621822e-01
3.823465483159686484e-01
4.263137717536783500e-01
4.655476816634049886e-01
5.229785524696000110e-01
5.683131775931715701e-01
6.012360027989207545e-01
6.411010211790449942e-01
6.743394006199930901e-01
6.910637750855332939e-01
7.306132392304588441e-01
7.603805220842192458e-01
7.696367796500529490e-01
7.915152066238414497e-01
7.739493541977710001e-01
7.707938118457821064e-01
7.511242645183856537e-01
7.498620475775902294e-01
7.398694967962925473e-01
7.111540613931950361e-01
6.801245615986390991e-01
6.238507229881733451e-01
5.803042385307286555e-01
5.621072776342603827e-01
4.937371933411710545e-01
4.588158579791623559e-01
4.108516142289335149e-01
3.704606721234777189e-01
3.301749147630881898e-01
2.899943421477649275e-01
2.448700865143259575e-01
2.067932088003285596e-01
1.911206817854511630e-01
1.554630532079784300e-01
1.295876059216707898e-01
1.106543518097383716e-01
9.214183667807111788e-02
7.468116899706678247e-02
6.111233688351520865e-02
4.912127594595799840e-02
4.028575736038954302e-02
3.197616250015253292e-02
2.356138289484923515e-02
1.788140666126950690e-02
1.430512532901560829e-02
1.220143042768978212e-02
7.047377919441513011e-03
5.364421998380853110e-03
4.628128782916814295e-03
4.733313527983105430e-03
2.734803371723571689e-03
1.577771175994368332e-03
1.051847450662912438e-03
4.207389802651649753e-04
1.367401685861785844e-03
5.259237253314562191e-04
1.051847450662912438e-04
1.051847450662912438e-04
1.051847450662912438e-04
3.155542351988736773e-04
0.000000000000000000e+00
0.000000000000000000e+00
0.000000000000000000e+00
1.051847450662912438e-04
