-2.368904800117918263e+00
-2.321369389951274620e+00
-2.273833979784631421e+00
-2.226298569617987777e+00
-2.178763159451344578e+00
-2.131227749284700934e+00
-2.083692339118057291e+00
-2.036156928951413647e+00
-1.988621518784770448e+00
-1.941086108618126804e+00
-1.893550698451483605e+00
-1.846015288284839961e+00
-1.798479878118196318e+00
-1.750944467951553118e+00
-1.703409057784909475e+00
-1.655873647618265831e+00
-1.608338237451622632e+00
-1.560802827284978989e+00
-1.513267417118335345e+00
-1.465732006951692146e+00
-1.418196596785048502e+00
-1.370661186618404859e+00
-1.323125776451761659e+00
-1.275590366285118016e+00
-1.228054956118474372e+00
-1.180519545951831173e+00
-1.132984135785187529e+00
-1.085448725618544108e+00
-1.037913315451900687e+00
-9.903779052852571541e-01
-9.428424951186136216e-01
-8.953070849519700891e-01
-8.477716747853266677e-01
-8.002362646186831352e-01
-7.527008544520396027e-01
-7.051654442853961813e-01
-6.576300341187526488e-01
-6.100946239521091163e-01
-5.625592137854656949e-01
-5.150238036188222734e-01
-4.674883934521787410e-01
-4.199529832855352085e-01
-3.724175731188917871e-01
-3.248821629522482546e-01
-2.773467527856046111e-01
-2.298113426189611896e-01
-1.822759324523177682e-01
-1.347405222856741247e-01
-8.720511211903070325e-02
-3.966970195238728181e-02
7.865708214256139641e-03
5.540111838089956109e-02
1.029365285475432046e-01
1.504719387141866260e-01
1.980073488808300475e-01
2.455427590474736910e-01
2.930781692141171124e-01
3.406135793807605339e-01
3.881489895474041774e-01
4.356843997140475988e-01
4.832198098806910203e-01
5.307552200473346637e-01
5.782906302139780852e-01
6.258260403806215066e-01
6.733614505472651501e-01
7.208968607139085716e-01
7.684322708805519930e-01
8.159676810471956365e-01
8.635030912138390580e-01
9.110385013804824794e-01
9.585739115471261229e-01
1.006109321713769544e+00
1.053644731880412966e+00
1.101180142047056609e+00
1.148715552213700031e+00
1.196250962380343452e+00
1.243786372546987096e+00
1.291321782713630517e+00
1.338857192880273939e+00
1.386392603046917360e+00
1.433928013213560781e+00
1.481463423380204425e+00
1.528998833546847846e+00
1.576534243713491268e+00
1.624069653880134689e+00
1.671605064046778111e+00
1.719140474213421754e+00
1.766675884380065398e+00
1.814211294546709041e+00
1.861746704713352685e+00
1.909282114879995884e+00
1.956817525046639084e+00
2.004352935213282727e+00
2.051888345379926371e+00
2.099423755546570014e+00
2.146959165713213658e+00
2.194494575879856857e+00
2.242029986046500056e+00
2.289565396213143700e+00
2.337100806379787343e+00
