-2.239040846708762800e+00
-2.194415202137665055e+00
-2.149789557566566867e+00
-2.105163912995469122e+00
-2.060538268424370933e+00
-2.015912623853273189e+00
-1.971286979282175444e+00
-1.926661334711077700e+00
-1.882035690139979511e+00
-1.837410045568881767e+00
-1.792784400997784022e+00
-1.748158756426685834e+00
-1.703533111855588089e+00
-1.658907467284490345e+00
-1.614281822713392156e+00
-1.569656178142294412e+00
-1.525030533571196667e+00
-1.480404889000098922e+00
-1.435779244429000734e+00
-1.391153599857902989e+00
-1.346527955286805245e+00
-1.301902310715707056e+00
-1.257276666144609312e+00
-1.212651021573511567e+00
-1.168025377002413379e+00
-1.123399732431315634e+00
-1.078774087860217890e+00
-1.034148443289119701e+00
-9.895227987180219564e-01
-9.448971541469241009e-01
-9.002715095758262454e-01
-8.556458650047283898e-01
-8.110202204336304233e-01
-7.663945758625325677e-01
-7.217689312914347122e-01
-6.771432867203368566e-01
-6.325176421492390011e-01
-5.878919975781410345e-01
-5.432663530070431790e-01
-4.986407084359453235e-01
-4.540150638648473569e-01
-4.093894192937495013e-01
-3.647637747226516458e-01
-3.201381301515536792e-01
-2.755124855804558237e-01
-2.308868410093580792e-01
-1.862611964382601126e-01
-1.416355518671621461e-01
-9.700990729606440155e-02
-5.238426272496643499e-02
-7.758618153868468426e-03
3.686702641722927609e-02
8.149267098832724265e-02
1.261183155594252092e-01
1.707439601305229537e-01
2.153696047016209203e-01
2.599952492727188869e-01
3.046208938438166314e-01
3.492465384149143759e-01
3.938721829860123425e-01
4.384978275571103090e-01
4.831234721282080535e-01
5.277491166993060201e-01
5.723747612704039867e-01
6.170004058415017312e-01
6.616260504125996977e-01
7.062516949836976643e-01
7.508773395547954088e-01
7.955029841258933754e-01
8.401286286969913419e-01
8.847542732680890865e-01
9.293799178391868310e-01
9.740055624102847975e-01
1.018631206981382764e+00
1.063256851552480509e+00
1.107882496123578475e+00
1.152508140694676442e+00
1.197133785265774186e+00
1.241759429836872153e+00
1.286385074407970119e+00
1.331010718979067864e+00
1.375636363550165830e+00
1.420262008121263797e+00
1.464887652692361542e+00
1.509513297263459508e+00
1.554138941834557475e+00
1.598764586405655219e+00
1.643390230976753186e+00
1.688015875547851152e+00
1.732641520118948897e+00
1.777267164690046641e+00
1.821892809261144386e+00
1.866518453832242574e+00
1.911144098403340763e+00
1.955769742974438508e+00
2.000395387545536252e+00
2.045021032116633997e+00
2.089646676687731741e+00
2.134272321258829486e+00
2.178897965829927674e+00
